MEMORY
  total           14927 KB
  struct            158 KB
  buffer            433 KB
  arena           14336 KB, used 0.3%

SIZES
  narena                14680064
  nbuffer               443360
  nplugin               0
  maxuse_stack          17536
  maxuse_arena          37220
  maxuse_con            4
  maxuse_efc            40
  ncon                  4
  ne                    0
  nf                    12
  nl                    0
  nefc                  36
  nJ                    648
  efm_active            0
  nefmK                 0
  nefmcon               0
  nefmT                 0
  nefmA                 0
  nefmdof               0
  nefmL                 0
  nY                    0
  nA                    0
  nisland               1
  nidof                 18
  ntree_awake           1
  nbody_awake           14
  nparent_awake         13
  nv_awake              18
  flg_energypos         0
  flg_energyvel         0
  flg_subtreevel        0
  flg_rnepost           0
  threadpool            0

TIMER
    0:  duration =  3.4e+03    number = 52378
    1:  duration =  3.3e+03    number = 52381
    2:  duration =  0          number = 0
    3:  duration =  2e+03      number = 52381
    4:  duration =  2.2e+02    number = 52381
    5:  duration =  1.1e+02    number = 52381
    6:  duration =  8.4e+02    number = 52381
    7:  duration =  1.2e+02    number = 52378
    8:  duration =  4.7e+02    number = 52381
    9:  duration =  1.3e+02    number = 52381
    10:  duration =  8e+02      number = 52381
    11:  duration =  5.4e+02    number = 52381
    12:  duration =  7.7        number = 52381
    13:  duration =  3.1e+02    number = 52381
    14:  duration =  4.8e+02    number = 52381

SOLVER STAT
  solver_fwdinv =   0         0       
  ISLAND 0
    solver_niter = 1
    solver_nnz = 324
      0:  improvement =  2.5e-16     gradient =  1e-16       lineslope =  1.9e-18 
          nactive = 36   nchange = 0   neval = 2   nupdate = 0

ENERGY =   0         0       

TIME =  1e+02   

QPOS
   0.054   
   0.0026  
   0.28    
   0.99    
  -0.0001  
  -0.11    
  -0.00034 
  -0.00018 
   0.89    
  -1.5     
   0.00018 
   0.89    
  -1.5     
  -0.00017 
   1.4     
  -2       
   0.00017 
   1.4     
  -2       

QVEL
  -4.7e-11 
  -1.6e-10 
   1.9e-12 
   5.4e-10 
  -4.2e-11 
   5.4e-10 
   3.7e-10 
   2.5e-09 
   7.7e-10 
   6.5e-10 
  -3.2e-09 
  -1e-09   
  -4.7e-10 
   2.6e-11 
   1.8e-12 
  -6.2e-10 
   5.5e-10 
   2.8e-10 

QACC_WARMSTART
   1.2e-10 
   1.5e-09 
  -5e-10   
   1.5e-08 
   2.1e-09 
   6.2e-09 
  -5e-09   
   5.6e-08 
   5.3e-08 
   2.3e-09 
  -6.9e-08 
  -8.5e-08 
  -1.9e-08 
   1.3e-09 
   7.3e-10 
  -2.3e-08 
   1.6e-08 
  -1.5e-10 

CTRL
   0.018   
   0.9     
  -1.4     
  -0.018   
   0.9     
  -1.4     
   0.017   
   1.4     
  -1.9     
  -0.017   
   1.4     
  -1.9     

QFRC_APPLIED
   0       
   0       
   0       
   0       
   0       
   0       
   0       
   0       
   0       
   0       
   0       
   0       
   0       
   0       
   0       
   0       
   0       
   0       

XFRC_APPLIED
   0         0         0         0         0         0       
   0         0         0         0         0         0       
   0         0         0         0         0         0       
   0         0         0         0         0         0       
   0         0         0         0         0         0       
   0         0         0         0         0         0       
   0         0         0         0         0         0       
   0         0         0         0         0         0       
   0         0         0         0         0         0       
   0         0         0         0         0         0       
   0         0         0         0         0         0       
   0         0         0         0         0         0       
   0         0         0         0         0         0       
   0         0         0         0         0         0       

QACC
   1.2e-10 
   1.5e-09 
  -5e-10   
   1.5e-08 
   2.1e-09 
   6.2e-09 
  -5e-09   
   5.6e-08 
   5.3e-08 
   2.3e-09 
  -6.9e-08 
  -8.5e-08 
  -1.9e-08 
   1.3e-09 
   7.3e-10 
  -2.3e-08 
   1.6e-08 
  -1.5e-10 

TREE_ASLEEP
  -11

XPOS
   0         0         0       
   0.054     0.0026    0.28    
   0.24     -0.044     0.32    
   0.24     -0.12      0.32    
   0.11     -0.12      0.16    
   0.24      0.049     0.32    
   0.24      0.13      0.32    
   0.11      0.13      0.16    
  -0.13     -0.044     0.24    
  -0.13     -0.12      0.24    
  -0.33     -0.12      0.16    
  -0.13      0.049     0.24    
  -0.13      0.13      0.24    
  -0.32      0.13      0.16    

XQUAT
   1         0         0         0       
   0.99     -0.0001   -0.11     -0.00034 
   0.99     -0.00019  -0.11     -0.00035 
   0.94     -1.9e-05   0.33     -0.0004  
   0.92     -0.00029  -0.4      -0.00028 
   0.99     -1.1e-05  -0.11     -0.00033 
   0.94      0.00013   0.33     -0.00031 
   0.92     -0.00011  -0.4      -0.00032 
   0.99     -0.00018  -0.11     -0.00035 
   0.84      8.4e-05   0.55     -0.00039 
   0.92     -0.00028  -0.4      -0.00028 
   0.99     -1.8e-05  -0.11     -0.00033 
   0.84      0.0002    0.55     -0.00027 
   0.92     -0.00011  -0.4      -0.00031 

XMAT
   1         0         0         0         1         0         0         0         1       
   0.98      0.00071  -0.22     -0.00066   1         0.00028   0.22     -0.00012   0.98    
   0.98      0.00074  -0.22     -0.00066   1         0.00046   0.22     -0.0003    0.98    
   0.78      0.00074   0.62     -0.00077   1        -0.00023  -0.62     -0.0003    0.78    
   0.68      0.00074  -0.73     -0.00029   1         0.00075   0.73     -0.0003    0.68    
   0.98      0.00067  -0.22     -0.00066   1         9.5e-05   0.22      5.3e-05   0.98    
   0.78      0.00067   0.62     -0.00049   1        -0.00045  -0.62      5.3e-05   0.78    
   0.68      0.00067  -0.73     -0.00049   1         0.00045   0.73      5.3e-05   0.68    
   0.98      0.00074  -0.22     -0.00066   1         0.00044   0.22     -0.00029   0.98    
   0.4       0.00074   0.92     -0.00056   1        -0.00057  -0.92     -0.00029   0.4     
   0.69      0.00074  -0.73     -0.0003    1         0.00074   0.73     -0.00029   0.69    
   0.98      0.00067  -0.22     -0.00066   1         0.00011   0.22      3.9e-05   0.98    
   0.4       0.00067   0.92     -0.00023   1        -0.00063  -0.92      3.9e-05   0.4     
   0.69      0.00067  -0.73     -0.00049   1         0.00046   0.73      3.9e-05   0.69    

XIPOS
   0         0         0       
   0.076     0.0045    0.29    
   0.23     -0.037     0.32    
   0.22     -0.1       0.3     
   0.21     -0.12      0.059   
   0.23      0.042     0.32    
   0.22      0.11      0.3     
   0.22      0.13      0.058   
  -0.12     -0.036     0.24    
  -0.16     -0.1       0.23    
  -0.22     -0.12      0.059   
  -0.12      0.042     0.24    
  -0.16      0.11      0.23    
  -0.22      0.13      0.059   

XIMAT
   1         0         0         0         1         0         0         0         1       
  -0.23      0.0052    0.97     -0.0044   -1         0.0043    0.97     -0.0033    0.23    
   0.044    -0.2       0.98      1         0.0053   -0.044     0.0037    0.98      0.2     
  -0.2      -0.72      0.66      0.98     -0.14      0.15     -0.02      0.68      0.74    
  -0.028    -0.69     -0.72      1        -0.044     0.0032   -0.034    -0.72      0.69    
  -0.043    -0.2       0.98      1        -0.0048    0.043    -0.0039    0.98      0.2     
   0.2      -0.72      0.66      0.98      0.14     -0.15      0.02      0.68      0.74    
  -0.028    -0.69     -0.72      1        -0.044     0.0029   -0.034    -0.72      0.69    
  -0.04     -0.24      0.97      1         0.0053    0.043    -0.015     0.97      0.24    
  -0.19     -0.32      0.93      0.98     -0.14      0.15      0.079     0.94      0.33    
  -0.028    -0.69     -0.72      1        -0.044     0.0032   -0.034    -0.72      0.69    
   0.042    -0.24      0.97      1        -0.0048   -0.044     0.015     0.97      0.24    
   0.19     -0.32      0.93      0.98      0.14     -0.15     -0.079     0.94      0.33    
  -0.028    -0.69     -0.72      1        -0.044     0.0029   -0.034    -0.72      0.69    

XANCHOR
   0.054     0.0026    0.28    
   0.24     -0.044     0.32    
   0.24     -0.12      0.32    
   0.11     -0.12      0.16    
   0.24      0.049     0.32    
   0.24      0.13      0.32    
   0.11      0.13      0.16    
  -0.13     -0.044     0.24    
  -0.13     -0.12      0.24    
  -0.33     -0.12      0.16    
  -0.13      0.049     0.24    
  -0.13      0.13      0.24    
  -0.32      0.13      0.16    

XAXIS
   0         0         1       
   0.98     -0.00066   0.22    
   0.00074   1        -0.0003  
   0.00074   1        -0.0003  
   0.98     -0.00066   0.22    
   0.00067   1         5.3e-05 
   0.00067   1         5.3e-05 
   0.98     -0.00066   0.22    
   0.00074   1        -0.00029 
   0.00074   1        -0.00029 
   0.98     -0.00066   0.22    
   0.00067   1         3.9e-05 
   0.00067   1         3.9e-05 

GEOM_XPOS
   0         0         0       
   0.33      0.052     0.34    
   0.33     -0.048     0.34    
   0.12      0.0025    0.3     
   0.054     0.0026    0.28    
   0.054    -0.037     0.28    
   0.054     0.043     0.28    
   0.3       0.0024    0.34    
   0.3       0.062     0.33    
   0.3      -0.058     0.33    
   0.31      0.0024    0.29    
   0.3       0.0024    0.37    
   0.23     -0.046     0.32    
   0.24     -0.089     0.32    
   0.24     -0.11      0.32    
   0.21     -0.1       0.29    
   0.17     -0.12      0.27    
   0.2      -0.12      0.29    
   0.12     -0.12      0.19    
   0.2      -0.12      0.075   
   0.16     -0.12      0.12    
   0.23     -0.12      0.05    
   0.26     -0.12      0.0096  
   0.23      0.047     0.32    
   0.24      0.094     0.32    
   0.24      0.11      0.32    
   0.21      0.11      0.29    
   0.17      0.13      0.27    
   0.2       0.13      0.29    
   0.12      0.13      0.19    
   0.2       0.13      0.075   
   0.16      0.13      0.12    
   0.23      0.13      0.05    
   0.26      0.13      0.0096  
  -0.12     -0.042     0.24    
  -0.13     -0.089     0.24    
  -0.13     -0.11      0.24    
  -0.13     -0.044     0.24    
  -0.17     -0.1       0.23    
  -0.21     -0.12      0.23    
  -0.18     -0.12      0.23    
  -0.3      -0.12      0.18    
  -0.23     -0.12      0.075   
  -0.27     -0.12      0.12    
  -0.2      -0.12      0.05    
  -0.17     -0.12      0.0097  
  -0.12      0.048     0.24    
  -0.13      0.094     0.24    
  -0.13      0.11      0.24    
  -0.13      0.049     0.24    
  -0.17      0.11      0.23    
  -0.21      0.13      0.23    
  -0.18      0.13      0.23    
  -0.3       0.13      0.18    
  -0.23      0.13      0.075   
  -0.27      0.13      0.12    
  -0.2       0.13      0.05    
  -0.17      0.13      0.0097  

GEOM_XMAT
   1         0         0         0         1         0         0         0         1       
   0.98      0.00071  -0.22     -0.00066   1         0.00028   0.22     -0.00012   0.98    
   0.98      0.00071  -0.22     -0.00066   1         0.00028   0.22     -0.00012   0.98    
  -0.23     -0.0007    0.97      0.00029  -1        -0.00065   0.97      0.00013   0.23    
   0.98      0.00071  -0.22     -0.00066   1         0.00028   0.22     -0.00012   0.98    
   0.22      0.00071   0.98     -0.00028   1        -0.00066  -0.98     -0.00012   0.22    
   0.22      0.00071   0.98     -0.00028   1        -0.00066  -0.98     -0.00012   0.22    
   0.98      0.00071  -0.22     -0.00066   1         0.00028   0.22     -0.00012   0.98    
   0.98      0.00071  -0.22     -0.00066   1         0.00028   0.22     -0.00012   0.98    
   0.98      0.00071  -0.22     -0.00066   1         0.00028   0.22     -0.00012   0.98    
   0.98     -0.22     -0.00071  -0.00066   0.00028  -1         0.22      0.98      0.00012 
   0.98     -0.22     -0.00071  -0.00066   0.00028  -1         0.22      0.98      0.00012 
  -0.0076   -0.98     -0.22      1        -0.0079    0.00046  -0.0022   -0.22      0.98    
   0.98     -0.22     -0.00074  -0.00066   0.00046  -1         0.22      0.98      0.0003  
   0.98     -0.22     -0.00074  -0.00066   0.00046  -1         0.22      0.98      0.0003  
  -0.37     -0.66      0.65      0.93     -0.33      0.19      0.088     0.67      0.73    
   0.78      0.00074   0.62     -0.00077   1        -0.00023  -0.62     -0.0003    0.78    
   0.65      0.00074   0.76     -0.00071   1        -0.00037  -0.76     -0.0003    0.65    
   0.98      0.00074   0.2      -0.00079   1         0.00014  -0.2      -0.0003    0.98    
   0.00073  -0.68     -0.74      1         0.00027   0.00074  -0.0003   -0.74      0.68    
   0.57      0.00074  -0.82     -0.00017   1         0.00078   0.82     -0.0003    0.57    
   0.86      0.00074  -0.51     -0.00049   1         0.00064   0.51     -0.0003    0.86    
   0.68      0.00074  -0.73     -0.00029   1         0.00075   0.73     -0.0003    0.68    
  -0.0077   -0.98     -0.22      1        -0.0079    0.0001   -0.0018   -0.22      0.98    
   0.98     -0.22     -0.00067  -0.00066   9.5e-05  -1         0.22      0.98     -5.3e-05 
   0.98     -0.22     -0.00067  -0.00066   9.5e-05  -1         0.22      0.98     -5.3e-05 
   0.34     -0.68      0.65      0.94      0.3      -0.18     -0.072     0.67      0.74    
   0.78      0.00067   0.62     -0.00049   1        -0.00045  -0.62      5.3e-05   0.78    
   0.65      0.00067   0.76     -0.00039   1        -0.00054  -0.76      5.3e-05   0.65    
   0.98      0.00067   0.2      -0.00064   1        -0.00019  -0.2       5.3e-05   0.98    
   0.00065  -0.68     -0.74      1         0.00047   0.00044   5.2e-05  -0.74      0.68    
   0.57      0.00067  -0.82     -0.00042   1         0.00052   0.82      5.3e-05   0.57    
   0.86      0.00067  -0.51     -0.0006    1         0.0003    0.51      5.3e-05   0.86    
   0.68      0.00067  -0.73     -0.00049   1         0.00045   0.73      5.3e-05   0.68    
   0.0076    0.98     -0.22     -1         0.0079    0.00043   0.0022    0.22      0.98    
   0.98     -0.22     -0.00074  -0.00066   0.00044  -1         0.22      0.98      0.00029 
   0.98     -0.22     -0.00074  -0.00066   0.00044  -1         0.22      0.98      0.00029 
   0.98     -0.22     -0.00074  -0.00066   0.00044  -1         0.22      0.98      0.00029 
  -0.28     -0.26      0.92      0.93     -0.33      0.19      0.25      0.91      0.33    
   0.4       0.00074   0.92     -0.00056   1        -0.00057  -0.92     -0.00029   0.4     
   0.21      0.00074   0.98     -0.00043   1        -0.00067  -0.98     -0.00029   0.21    
   0.76      0.00074   0.64     -0.00075   1        -0.00026  -0.64     -0.00029   0.76    
   0.00072  -0.68     -0.74      1         0.00028   0.00073  -0.00029  -0.74      0.68    
   0.57      0.00074  -0.82     -0.00018   1         0.00077   0.82     -0.00029   0.57    
   0.86      0.00074  -0.51     -0.00049   1         0.00063   0.51     -0.00029   0.86    
   0.69      0.00074  -0.73     -0.0003    1         0.00074   0.73     -0.00029   0.69    
   0.009     0.98      0.22      1        -0.0092   -0.0001    0.0019    0.22     -0.98    
   0.98     -0.22     -0.00067  -0.00066   0.00011  -1         0.22      0.98     -3.9e-05 
   0.98     -0.22     -0.00067  -0.00066   0.00011  -1         0.22      0.98     -3.9e-05 
   0.98     -0.22     -0.00067  -0.00066   0.00011  -1         0.22      0.98     -3.9e-05 
   0.26     -0.28      0.92      0.94      0.29     -0.18     -0.22      0.91      0.34    
   0.4       0.00067   0.92     -0.00023   1        -0.00063  -0.92      3.9e-05   0.4     
   0.21      0.00067   0.98     -0.0001    1        -0.00066  -0.98      3.9e-05   0.21    
   0.76      0.00067   0.64     -0.00049   1        -0.00046  -0.64      3.9e-05   0.76    
   0.00065  -0.68     -0.74      1         0.00047   0.00045   3.8e-05  -0.74      0.68    
   0.57      0.00067  -0.82     -0.00041   1         0.00053   0.82      3.9e-05   0.57    
   0.86      0.00067  -0.51     -0.00059   1         0.00031   0.51      3.9e-05   0.86    
   0.69      0.00067  -0.73     -0.00049   1         0.00046   0.73      3.9e-05   0.69    

SITE_XPOS
   0.35      0.0024    0.35    
   0.054     0.0026    0.28    
   0.26     -0.12      0.0096  
   0.26      0.13      0.0096  
  -0.17     -0.12      0.0097  
  -0.17      0.13      0.0097  

SITE_XMAT
   0.98      0.00071  -0.22     -0.00066   1         0.00028   0.22     -0.00012   0.98    
   0.98      0.00071  -0.22     -0.00066   1         0.00028   0.22     -0.00012   0.98    
   0.68      0.00074  -0.73     -0.00029   1         0.00075   0.73     -0.0003    0.68    
   0.68      0.00067  -0.73     -0.00049   1         0.00045   0.73      5.3e-05   0.68    
   0.69      0.00074  -0.73     -0.0003    1         0.00074   0.73     -0.00029   0.69    
   0.69      0.00067  -0.73     -0.00049   1         0.00046   0.73      3.9e-05   0.69    

CAM_XPOS
   0.043    -1         1.1     

CAM_XMAT
   1         0         0         0         0.71     -0.71      0         0.71      0.71    

LIGHT_XPOS
   0        -1         2       
   0         0         1.5     
   0.32      0.0024    0.44    

LIGHT_XDIR
   0.026     0.5      -0.87    
   0         0        -1       
   0.97     -0.00071  -0.24    

SUBTREE_COM
   0.052     0.0034    0.26    
   0.052     0.0034    0.26    
   0.22     -0.082     0.28    
   0.22     -0.11      0.26    
   0.21     -0.12      0.059   
   0.22      0.087     0.28    
   0.22      0.11      0.26    
   0.22      0.13      0.058   
  -0.15     -0.082     0.22    
  -0.17     -0.11      0.2     
  -0.22     -0.12      0.059   
  -0.15      0.088     0.22    
  -0.17      0.11      0.2     
  -0.22      0.13      0.059   

CDOF
   0         0         0         1         0         0       
   0         0         0         0         1         0       
   0         0         0         0         0         1       
   0.98     -0.00066   0.22     -0.00018   0.016     0.00085 
   0.00071   1        -0.00012  -0.017     1.2e-05   0.0024  
  -0.22      0.00028   0.98     -0.00086  -0.0061   -0.00019 
   0.98     -0.00066   0.22     -0.01      0.016     0.046   
   0.00074   1        -0.0003   -0.058     9.9e-05   0.19    
   0.00074   1        -0.0003    0.11     -6.5e-05   0.054   
   0.98     -0.00066   0.22      0.01      0.016    -0.045   
   0.00067   1         5.3e-05  -0.058     2.9e-05   0.19    
   0.00067   1         5.3e-05   0.11     -7.5e-05   0.054   
   0.98     -0.00066   0.22     -0.01      0.016     0.046   
   0.00074   1        -0.00029   0.025    -7e-05    -0.18    
   0.00074   1        -0.00029   0.11     -0.00019  -0.38    
   0.98     -0.00066   0.22      0.01      0.016    -0.045   
   0.00067   1         3.9e-05   0.025    -9.3e-06  -0.18    
   0.00067   1         3.9e-05   0.11     -5.8e-05  -0.38    

CINERT
   0         0         0         0         0         0         0         0         0         0       
   0.022     0.068     0.072    -0.00033  -0.015    -0.0002    0.13      0.0058    0.11      5.2     
   0.0037    0.025     0.024     0.005    -0.007     0.0016    0.12     -0.027     0.039     0.68    
   0.016     0.033     0.042     0.018    -0.0079    0.0035    0.17     -0.11      0.037     1       
   0.012     0.015     0.0092    0.0041    0.0073   -0.0051    0.032    -0.025    -0.04      0.2     
   0.0036    0.025     0.024    -0.0047   -0.007    -0.0015    0.12      0.026     0.039     0.68    
   0.016     0.033     0.041    -0.017    -0.0079   -0.0034    0.17      0.11      0.037     1       
   0.012     0.015     0.0092   -0.0041    0.0073    0.0051    0.032     0.025    -0.04      0.2     
   0.0019    0.022     0.023    -0.0048   -0.0028   -0.00064  -0.12     -0.027    -0.016     0.68    
   0.014     0.05      0.061    -0.024    -0.0084   -0.0039   -0.21     -0.11     -0.034     1       
   0.012     0.024     0.018    -0.0066   -0.01     -0.0051   -0.052    -0.025    -0.04      0.2     
   0.0018    0.022     0.023     0.0046   -0.0028    0.00062  -0.12      0.026    -0.016     0.68    
   0.014     0.05      0.06      0.023    -0.0084    0.0038   -0.21      0.11     -0.034     1       
   0.012     0.024     0.018     0.0067   -0.01      0.0051   -0.052     0.025    -0.04      0.2     

ACTUATOR_LENGTH
  -0.00018 
   0.89    
  -1.5     
   0.00018 
   0.89    
  -1.5     
  -0.00017 
   1.4     
  -2       
   0.00017 
   1.4     
  -2       

actuator_moment
--------------------
       x            |
        x           |
         x          |
          x         |
           x        |
            x       |
             x      |
              x     |
               x    |
                x   |
                 x  |
                  x |
--------------------

ACTUATOR_MOMENT
     6:  1       
     7:  1       
     8:  1       
     9:  1       
    10:  1       
    11:  1       
    12:  1       
    13:  1       
    14:  1       
    15:  1       
    16:  1       
    17:  1       

CRB
   0         0         0         0         0         0         0         0         0         0       
   0.14      0.41      0.42     -0.00024  -0.073    -0.00011   0         2.8e-17   5.6e-16   13      
   0.032     0.074     0.075     0.027    -0.0076   -3.7e-05   0.32     -0.16      0.035     1.9     
   0.028     0.048     0.051     0.022    -0.0006   -0.0016    0.2      -0.13     -0.0038    1.2     
   0.012     0.015     0.0092    0.0041    0.0073   -0.0051    0.032    -0.025    -0.04      0.2     
   0.031     0.074     0.074    -0.026    -0.0076    0.00018   0.32      0.16      0.035     1.9     
   0.028     0.048     0.05     -0.021    -0.0006    0.0017    0.2       0.13     -0.0038    1.2     
   0.012     0.015     0.0092   -0.0041    0.0073    0.0051    0.032     0.025    -0.04      0.2     
   0.028     0.097     0.1      -0.035    -0.021    -0.0096   -0.38     -0.16     -0.09      1.9     
   0.026     0.074     0.079    -0.03     -0.018    -0.009    -0.26     -0.13     -0.074     1.2     
   0.012     0.024     0.018    -0.0066   -0.01     -0.0051   -0.052    -0.025    -0.04      0.2     
   0.028     0.096     0.1       0.034    -0.021     0.0096   -0.38      0.16     -0.09      1.9     
   0.026     0.074     0.078     0.03     -0.018     0.0089   -0.26      0.13     -0.074     1.2     
   0.012     0.024     0.018     0.0067   -0.01      0.0051   -0.052     0.025    -0.04      0.2     

M
     0:  13      
     0:  0          1:  13      
     0:  0          1:  0          2:  13      
     0: -0.0023     1:  0.2        2:  0.011      3:  0.13    
     0: -0.21       1:  0.00016    2:  0.031      3: -0.00038    4:  0.41    
     0: -0.011      1: -0.077      2: -0.0024     3: -0.0064     4:  0.00011    5:  0.44    
     0:  0.016      1:  0.066      2: -0.07       3:  0.025      4:  0.01       5:  0.007      6:  0.031   
     0: -0.074      1:  6.3e-05    2:  0.026      3: -0.0053     4:  0.013      5: -0.0084     6: -0.0033     7:  0.031   
     0: -0.019      1:  7.7e-06    2: -0.021      3:  0.0021     4:  0.0092     5: -0.0029     6:  0.0013     7:  0.006      8:  0.016   
     0: -0.016      1:  0.066      2:  0.07       3:  0.025      4: -0.01       5:  0.007      9:  0.031   
     0: -0.074      1:  4.8e-05    2:  0.026      3:  0.0053     4:  0.013      5:  0.0085     9:  0.0034    10:  0.031   
     0: -0.019      1:  1.4e-05    2: -0.021      3: -0.0021     4:  0.0092     5:  0.003      9: -0.0014    10:  0.006     11:  0.016   
     0:  0.016      1:  0.034      2: -0.07       3:  0.016      4: -0.018      5: -0.01      12:  0.022   
     0: -0.045      1:  4.7e-05    2:  0.046      3: -0.007      4:  0.025      5: -0.0042    12: -0.0044    13:  0.025   
     0: -0.019      1:  8e-06      2: -0.021      3:  0.0021     4: -5.5e-05    5: -0.0029    12:  0.0013    13:  0.0031    14:  0.016   
     0: -0.016      1:  0.034      2:  0.07       3:  0.016      4:  0.018      5: -0.01      15:  0.022   
     0: -0.045      1:  2.8e-05    2:  0.046      3:  0.007      4:  0.025      5:  0.0043    15:  0.0044    16:  0.025   
     0: -0.019      1:  1.4e-05    2: -0.021      3: -0.0021     4: -5.5e-05    5:  0.003     15: -0.0014    16:  0.0031    17:  0.016   

QLD
     0:  12      
     0:  6.2e-05    1:  12      
     0:  0.025      1: -0.00084    2:  12      
     0: -0.039      1:  0.86       2:  0.16       3:  0.064   
     0: -0.18       1:  3.7e-05    2: -0.31       3: -0.0014     4:  0.32    
     0: -0.025      1: -0.17       2: -0.0058     3: -0.014      4:  8.9e-05    5:  0.42    
     0:  0.28       1:  2.2        2: -2.1        3:  0.77       4:  0.35       5:  0.2        6:  0.031   
     0: -2.3        1:  0.0021     2:  1.2        3: -0.21       4:  0.33       5: -0.25       6: -0.13       7:  0.029   
     0: -1.2        1:  0.00049    2: -1.4        3:  0.13       4:  0.58       5: -0.19       6:  0.084      7:  0.38       8:  0.016   
     0: -0.27       1:  2.2        2:  2.1        3:  0.77       4: -0.35       5:  0.2        9:  0.031   
     0: -2.3        1:  0.0015     2:  1.2        3:  0.21       4:  0.33       5:  0.26       9:  0.14      10:  0.029   
     0: -1.2        1:  0.00088    2: -1.4        3: -0.14       4:  0.58       5:  0.19       9: -0.086     10:  0.38      11:  0.016   
     0:  0.45       1:  1.6        2: -2.8        3:  0.66       4: -0.62       5: -0.5       12:  0.021   
     0: -1.7        1:  0.0018     2:  2.1        3: -0.3        4:  1          5: -0.15      12: -0.19      13:  0.024   
     0: -1.2        1:  0.00051    2: -1.4        3:  0.13       4: -0.0035     5: -0.19      12:  0.084     13:  0.2       14:  0.016   
     0: -0.45       1:  1.6        2:  2.8        3:  0.66       4:  0.62       5: -0.49      15:  0.021   
     0: -1.7        1:  0.001      2:  2.1        3:  0.31       4:  1          5:  0.15      15:  0.19      16:  0.024   
     0: -1.2        1:  0.00086    2: -1.4        3: -0.14       4: -0.0035     5:  0.19      15: -0.086     16:  0.2       17:  0.016   

QLDIAGINV
   0.082   
   0.081   
   0.085   
   16      
   3.1     
   2.4     
   33      
   35      
   64      
   33      
   35      
   64      
   47      
   41      
   64      
   47      
   41      
   64      

M: inertia structure
--------------------
 x                  |
 xx                 |
 xxx                |
 xxxx               |
 xxxxx              |
 xxxxxx             |
 xxxxxxx            |
 xxxxxxxx           |
 xxxxxxxxx          |
 xxxxxx   x         |
 xxxxxx   xx        |
 xxxxxx   xxx       |
 xxxxxx      x      |
 xxxxxx      xx     |
 xxxxxx      xxx    |
 xxxxxx         x   |
 xxxxxx         xx  |
 xxxxxx         xxx |
--------------------

iM: block-diagonal inertia (nnzs are island ids)
--------------------
 0                  |
 00                 |
 000                |
 0000               |
 00000              |
 000000             |
 0000000            |
 00000000           |
 000000000          |
 000000   0         |
 000000   00        |
 000000   000       |
 000000      0      |
 000000      00     |
 000000      000    |
 000000         0   |
 000000         00  |
 000000         000 |
--------------------

QH
     0:  12      
     0:  7.5e-05    1:  12      
     0:  0.023      1: -0.00091    2:  12      
     0: -0.037      1:  0.94       2:  0.15       3:  0.068   
     0: -0.23       1:  7.1e-05    2: -0.27       3: -0.0014     4:  0.33    
     0: -0.025      1: -0.17       2: -0.0058     3: -0.015      4:  0.00012    5:  0.42    
     0:  0.29       1:  2          2: -2          3:  0.73       4:  0.33       5:  0.19       6:  0.033   
     0: -2.1        1:  0.0018     2:  0.98       3: -0.18       4:  0.31       5: -0.23       6: -0.11       7:  0.033   
     0: -0.96       1:  0.00039    2: -1.1        3:  0.11       4:  0.47       5: -0.15       6:  0.067      7:  0.31       8:  0.02    
     0: -0.28       1:  2          2:  2          3:  0.73       4: -0.33       5:  0.19       9:  0.033   
     0: -2.1        1:  0.0013     2:  0.98       3:  0.18       4:  0.31       5:  0.23       9:  0.11      10:  0.033   
     0: -0.96       1:  0.0007     2: -1.1        3: -0.11       4:  0.47       5:  0.15       9: -0.069     10:  0.31      11:  0.02    
     0:  0.44       1:  1.4        2: -2.6        3:  0.61       4: -0.59       5: -0.45      12:  0.023   
     0: -1.5        1:  0.0016     2:  1.7        3: -0.26       4:  0.89       5: -0.13      12: -0.16      13:  0.029   
     0: -0.97       1:  0.0004     2: -1.1        3:  0.11       4: -0.0028     5: -0.15      12:  0.067     13:  0.16      14:  0.02    
     0: -0.44       1:  1.4        2:  2.6        3:  0.61       4:  0.59       5: -0.45      15:  0.023   
     0: -1.5        1:  0.00091    2:  1.7        3:  0.26       4:  0.89       5:  0.13      15:  0.16      16:  0.029   
     0: -0.97       1:  0.00069    2: -1.1        3: -0.11       4: -0.0028     5:  0.15      15: -0.069     16:  0.16      17:  0.02    

QHDIAGINV
   0.082   
   0.081   
   0.085   
   15      
   3       
   2.4     
   31      
   30      
   51      
   30      
   30      
   51      
   43      
   35      
   51      
   43      
   35      
   51      

TREE_AWAKE
  1

BODY_AWAKE
  -1 1 1 1 1 1 1 1 1 1 1 1 1 1

BODY_AWAKE_IND
  0 1 2 3 4 5 6 7 8 9 10 11 12 13

PARENT_AWAKE_IND
  1 2 3 4 5 6 7 8 9 10 11 12 13

DOF_AWAKE_IND
  0 1 2 3 4 5 6 7 8 9 10 11 12 13 14 15 16 17

CONTACT
  0:
     dim           6
     geoms         floor : FR
     exclude       0
     efc_address   12
     solref         0.02      1       
     solimp         0.015     1         0.023     0.5       2       
     dist          -0.013   
     includemargin  0.001   
     pos            0.26     -0.12     -0.0067  
     frame          0         0         1         0         1         0        -1         0         0       
     friction       0.8       0.8       0.02      0.01      0.01    
     mu             0.08    
     force          32       -3.2e-06  -1.4e-05  -6.1e-09  -7.9e-09   1.6e-09 
  1:
     dim           6
     geoms         floor : FL
     exclude       0
     efc_address   18
     solref         0.02      1       
     solimp         0.015     1         0.023     0.5       2       
     dist          -0.013   
     includemargin  0.001   
     pos            0.26      0.13     -0.0067  
     frame          0         0         1         0         1         0        -1         0         0       
     friction       0.8       0.8       0.02      0.01      0.01    
     mu             0.08    
     force          32       -4.6e-06   1.7e-05  -6.7e-09   1.1e-08   2.3e-09 
  2:
     dim           6
     geoms         floor : RR
     exclude       0
     efc_address   24
     solref         0.02      1       
     solimp         0.015     1         0.023     0.5       2       
     dist          -0.013   
     includemargin  0.001   
     pos           -0.17     -0.12     -0.0066  
     frame          0         0         1         0         1         0        -1         0         0       
     friction       0.8       0.8       0.02      0.01      0.01    
     mu             0.08    
     force          30        3.6e-06   3.7e-07  -4.3e-09  -3.7e-11  -1.6e-10 
  3:
     dim           6
     geoms         floor : RL
     exclude       0
     efc_address   30
     solref         0.02      1       
     solimp         0.015     1         0.023     0.5       2       
     dist          -0.013   
     includemargin  0.001   
     pos           -0.17      0.13     -0.0066  
     frame          0         0         1         0         1         0        -1         0         0       
     friction       0.8       0.8       0.02      0.01      0.01    
     mu             0.08    
     force          31        4.1e-06  -3.9e-06  -4e-09    -1.7e-09  -5.1e-10 

EFC_TYPE
  1
  1
  1
  1
  1
  1
  1
  1
  1
  1
  1
  1
  7
  7
  7
  7
  7
  7
  7
  7
  7
  7
  7
  7
  7
  7
  7
  7
  7
  7
  7
  7
  7
  7
  7
  7

EFC_ID
  6
  7
  8
  9
  10
  11
  12
  13
  14
  15
  16
  17
  0
  0
  0
  0
  0
  0
  1
  1
  1
  1
  1
  1
  2
  2
  2
  2
  2
  2
  3
  3
  3
  3
  3
  3

EFC_J
   0         0         0         0         0         0         1         0         0         0         0         0         0         0         0         0         0         0       
   0         0         0         0         0         0         0         1         0         0         0         0         0         0         0         0         0         0       
   0         0         0         0         0         0         0         0         1         0         0         0         0         0         0         0         0         0       
   0         0         0         0         0         0         0         0         0         1         0         0         0         0         0         0         0         0       
   0         0         0         0         0         0         0         0         0         0         1         0         0         0         0         0         0         0       
   0         0         0         0         0         0         0         0         0         0         0         1         0         0         0         0         0         0       
   0         0         0         0         0         0         0         0         0         0         0         0         1         0         0         0         0         0       
   0         0         0         0         0         0         0         0         0         0         0         0         0         1         0         0         0         0       
   0         0         0         0         0         0         0         0         0         0         0         0         0         0         1         0         0         0       
   0         0         0         0         0         0         0         0         0         0         0         0         0         0         0         1         0         0       
   0         0         0         0         0         0         0         0         0         0         0         0         0         0         0         0         1         0       
   0         0         0         0         0         0         0         0         0         0         0         0         0         0         0         0         0         1       
   0         0         1        -0.12     -0.21      0.028    -0.078    -0.023    -0.16      0         0         0         0         0         0         0         0         0       
   0         1         0         0.33      0.00018   0.14      0.33      0.00024   7.4e-05   0         0         0         0         0         0         0         0         0       
  -1         0         0        -0.028     0.29     -0.12     -0.018     0.33      0.16      0         0         0         0         0         0         0         0         0       
   0         0         0         0.22     -0.00012   0.98      0.22     -0.0003   -0.0003    0         0         0         0         0         0         0         0         0       
   0         0         0        -0.00066   1         0.00028  -0.00066   1         1         0         0         0         0         0         0         0         0         0       
   0         0         0        -0.98     -0.00071   0.22     -0.98     -0.00074  -0.00074   0         0         0         0         0         0         0         0         0       
   0         0         1         0.12     -0.21     -0.028     0         0         0         0.078    -0.023    -0.16      0         0         0         0         0         0       
   0         1         0         0.33      0.00018   0.14      0         0         0         0.33      0.00022   0.00012   0         0         0         0         0         0       
  -1         0         0         0.028     0.29      0.12      0         0         0         0.017     0.33      0.16      0         0         0         0         0         0       
   0         0         0         0.22     -0.00012   0.98      0         0         0         0.22      5.3e-05   5.3e-05   0         0         0         0         0         0       
   0         0         0        -0.00066   1         0.00028   0         0         0        -0.00066   1         1         0         0         0         0         0         0       
   0         0         0        -0.98     -0.00071   0.22      0         0         0        -0.98     -0.00067  -0.00067   0         0         0         0         0         0       
   0         0         1        -0.12      0.22      0.028     0         0         0         0         0         0        -0.078     0.04     -0.16      0         0         0       
   0         1         0         0.23      0.00023  -0.28      0         0         0         0         0         0         0.23      0.00019   7.6e-05   0         0         0       
  -1         0         0        -0.028     0.29     -0.12      0         0         0         0         0         0        -0.018     0.25      0.16      0         0         0       
   0         0         0         0.22     -0.00012   0.98      0         0         0         0         0         0         0.22     -0.00029  -0.00029   0         0         0       
   0         0         0        -0.00066   1         0.00028   0         0         0         0         0         0        -0.00066   1         1         0         0         0       
   0         0         0        -0.98     -0.00071   0.22      0         0         0         0         0         0        -0.98     -0.00074  -0.00074   0         0         0       
   0         0         1         0.12      0.22     -0.028     0         0         0         0         0         0         0         0         0         0.078     0.04     -0.16    
   0         1         0         0.23      0.00023  -0.28      0         0         0         0         0         0         0         0         0         0.23      0.00016   0.00011 
  -1         0         0         0.028     0.29      0.12      0         0         0         0         0         0         0         0         0         0.017     0.25      0.16    
   0         0         0         0.22     -0.00012   0.98      0         0         0         0         0         0         0         0         0         0.22      3.9e-05   3.9e-05 
   0         0         0        -0.00066   1         0.00028   0         0         0         0         0         0         0         0         0        -0.00066   1         1       
   0         0         0        -0.98     -0.00071   0.22      0         0         0         0         0         0         0         0         0        -0.98     -0.00067  -0.00067 

IEFC_J
   0         0         0         0         0         0         1         0         0         0         0         0         0         0         0         0         0         0       
   0         0         0         0         0         0         0         1         0         0         0         0         0         0         0         0         0         0       
   0         0         0         0         0         0         0         0         1         0         0         0         0         0         0         0         0         0       
   0         0         0         0         0         0         0         0         0         1         0         0         0         0         0         0         0         0       
   0         0         0         0         0         0         0         0         0         0         1         0         0         0         0         0         0         0       
   0         0         0         0         0         0         0         0         0         0         0         1         0         0         0         0         0         0       
   0         0         0         0         0         0         0         0         0         0         0         0         1         0         0         0         0         0       
   0         0         0         0         0         0         0         0         0         0         0         0         0         1         0         0         0         0       
   0         0         0         0         0         0         0         0         0         0         0         0         0         0         1         0         0         0       
   0         0         0         0         0         0         0         0         0         0         0         0         0         0         0         1         0         0       
   0         0         0         0         0         0         0         0         0         0         0         0         0         0         0         0         1         0       
   0         0         0         0         0         0         0         0         0         0         0         0         0         0         0         0         0         1       
   0         0         1        -0.12     -0.21      0.028    -0.078    -0.023    -0.16      0         0         0         0         0         0         0         0         0       
   0         1         0         0.33      0.00018   0.14      0.33      0.00024   7.4e-05   0         0         0         0         0         0         0         0         0       
  -1         0         0        -0.028     0.29     -0.12     -0.018     0.33      0.16      0         0         0         0         0         0         0         0         0       
   0         0         0         0.22     -0.00012   0.98      0.22     -0.0003   -0.0003    0         0         0         0         0         0         0         0         0       
   0         0         0        -0.00066   1         0.00028  -0.00066   1         1         0         0         0         0         0         0         0         0         0       
   0         0         0        -0.98     -0.00071   0.22     -0.98     -0.00074  -0.00074   0         0         0         0         0         0         0         0         0       
   0         0         1         0.12     -0.21     -0.028     0         0         0         0.078    -0.023    -0.16      0         0         0         0         0         0       
   0         1         0         0.33      0.00018   0.14      0         0         0         0.33      0.00022   0.00012   0         0         0         0         0         0       
  -1         0         0         0.028     0.29      0.12      0         0         0         0.017     0.33      0.16      0         0         0         0         0         0       
   0         0         0         0.22     -0.00012   0.98      0         0         0         0.22      5.3e-05   5.3e-05   0         0         0         0         0         0       
   0         0         0        -0.00066   1         0.00028   0         0         0        -0.00066   1         1         0         0         0         0         0         0       
   0         0         0        -0.98     -0.00071   0.22      0         0         0        -0.98     -0.00067  -0.00067   0         0         0         0         0         0       
   0         0         1        -0.12      0.22      0.028     0         0         0         0         0         0        -0.078     0.04     -0.16      0         0         0       
   0         1         0         0.23      0.00023  -0.28      0         0         0         0         0         0         0.23      0.00019   7.6e-05   0         0         0       
  -1         0         0        -0.028     0.29     -0.12      0         0         0         0         0         0        -0.018     0.25      0.16      0         0         0       
   0         0         0         0.22     -0.00012   0.98      0         0         0         0         0         0         0.22     -0.00029  -0.00029   0         0         0       
   0         0         0        -0.00066   1         0.00028   0         0         0         0         0         0        -0.00066   1         1         0         0         0       
   0         0         0        -0.98     -0.00071   0.22      0         0         0         0         0         0        -0.98     -0.00074  -0.00074   0         0         0       
   0         0         1         0.12      0.22     -0.028     0         0         0         0         0         0         0         0         0         0.078     0.04     -0.16    
   0         1         0         0.23      0.00023  -0.28      0         0         0         0         0         0         0         0         0         0.23      0.00016   0.00011 
  -1         0         0         0.028     0.29      0.12      0         0         0         0         0         0         0         0         0         0.017     0.25      0.16    
   0         0         0         0.22     -0.00012   0.98      0         0         0         0         0         0         0         0         0         0.22      3.9e-05   3.9e-05 
   0         0         0        -0.00066   1         0.00028   0         0         0         0         0         0         0         0         0        -0.00066   1         1       
   0         0         0        -0.98     -0.00071   0.22      0         0         0         0         0         0         0         0         0        -0.98     -0.00067  -0.00067 

EFC_POS
   0       
   0       
   0       
   0       
   0       
   0       
   0       
   0       
   0       
   0       
   0       
   0       
  -0.013   
   0       
   0       
   0       
   0       
   0       
  -0.013   
   0       
   0       
   0       
   0       
   0       
  -0.013   
   0       
   0       
   0       
   0       
   0       
  -0.013   
   0       
   0       
   0       
   0       
   0       

EFC_MARGIN
   0       
   0       
   0       
   0       
   0       
   0       
   0       
   0       
   0       
   0       
   0       
   0       
   0.001   
   0       
   0       
   0       
   0       
   0       
   0.001   
   0       
   0       
   0       
   0       
   0       
   0.001   
   0       
   0       
   0       
   0       
   0       
   0.001   
   0       
   0       
   0       
   0       
   0       

EFC_FRICTIONLOSS
   0.2     
   0.2     
   0.2     
   0.2     
   0.2     
   0.2     
   0.2     
   0.2     
   0.2     
   0.2     
   0.2     
   0.2     
   0       
   0       
   0       
   0       
   0       
   0       
   0       
   0       
   0       
   0       
   0       
   0       
   0       
   0       
   0       
   0       
   0       
   0       
   0       
   0       
   0       
   0       
   0       
   0       

EFC_DIAGA
   33      
   32      
   81      
   33      
   32      
   81      
   33      
   32      
   81      
   33      
   32      
   81      
   2.1     
   0.021   
   0.021   
   34      
   1.4e+02 
   1.4e+02 
   2.1     
   0.021   
   0.021   
   34      
   1.4e+02 
   1.4e+02 
   2.1     
   0.021   
   0.021   
   34      
   1.4e+02 
   1.4e+02 
   2.1     
   0.021   
   0.021   
   34      
   1.4e+02 
   1.4e+02 

EFC_KBIP
   0         1.1e+02   0.9       0       
   0         1.1e+02   0.9       0       
   0         1.1e+02   0.9       0       
   0         1.1e+02   0.9       0       
   0         1.1e+02   0.9       0       
   0         1.1e+02   0.9       0       
   0         1.1e+02   0.9       0       
   0         1.1e+02   0.9       0       
   0         1.1e+02   0.9       0       
   0         1.1e+02   0.9       0       
   0         1.1e+02   0.9       0       
   0         1.1e+02   0.9       0       
   2.5e+03   1e+02     0.72     -64      
   0         1e+02     0.72     -64      
   0         1e+02     0.72     -64      
   0         1e+02     0.72     -64      
   0         1e+02     0.72     -64      
   0         1e+02     0.72     -64      
   2.5e+03   1e+02     0.72     -64      
   0         1e+02     0.72     -64      
   0         1e+02     0.72     -64      
   0         1e+02     0.72     -64      
   0         1e+02     0.72     -64      
   0         1e+02     0.72     -64      
   2.5e+03   1e+02     0.72     -65      
   0         1e+02     0.72     -65      
   0         1e+02     0.72     -65      
   0         1e+02     0.72     -65      
   0         1e+02     0.72     -65      
   0         1e+02     0.72     -65      
   2.5e+03   1e+02     0.72     -65      
   0         1e+02     0.72     -65      
   0         1e+02     0.72     -65      
   0         1e+02     0.72     -65      
   0         1e+02     0.72     -65      
   0         1e+02     0.72     -65      

EFC_D
   0.28    
   0.28    
   0.11    
   0.28    
   0.28    
   0.11    
   0.28    
   0.28    
   0.11    
   0.28    
   0.28    
   0.11    
   1.2     
   1.2e+02 
   1.2e+02 
   0.077   
   0.019   
   0.019   
   1.2     
   1.2e+02 
   1.2e+02 
   0.078   
   0.019   
   0.019   
   1.2     
   1.2e+02 
   1.2e+02 
   0.074   
   0.018   
   0.018   
   1.2     
   1.2e+02 
   1.2e+02 
   0.075   
   0.019   
   0.019   

EFC_R
   3.6     
   3.5     
   9       
   3.6     
   3.5     
   9       
   3.6     
   3.6     
   9       
   3.6     
   3.6     
   9       
   0.81    
   0.0081  
   0.0081  
   13      
   52      
   52      
   0.81    
   0.0081  
   0.0081  
   13      
   52      
   52      
   0.85    
   0.0085  
   0.0085  
   14      
   54      
   54      
   0.84    
   0.0084  
   0.0084  
   13      
   54      
   54      

ACTUATOR_VELOCITY
   3.8e-10 
   2.4e-09 
   6.9e-10 
   6.5e-10 
  -3.1e-09 
  -8.6e-10 
  -4.3e-10 
   2.4e-11 
   8e-13   
  -5.8e-10 
   5.2e-10 
   2.8e-10 

CVEL
   0         0         0         0         0         0       
   3.8e-10  -4.6e-11   6.3e-10  -4.7e-11  -1.6e-10   3.1e-12 
   7.5e-10  -4.6e-11   7.1e-10  -5.1e-11  -1.5e-10   2.1e-11 
   7.5e-10   2.3e-09   7.1e-10  -1.9e-10  -1.5e-10   4.6e-10 
   7.5e-10   3e-09     7.1e-10  -1.1e-10  -1.5e-10   5e-10   
   1e-09    -4.6e-11   7.7e-10  -4e-11    -1.5e-10  -2.6e-11 
   1e-09    -3.1e-09   7.7e-10   1.4e-10  -1.5e-10  -6e-10   
   1e-09    -4e-09     7.7e-10   4.5e-11  -1.5e-10  -6.5e-10 
  -4.5e-11  -4.6e-11   5.3e-10  -4.2e-11  -1.7e-10  -1.7e-11 
  -4.5e-11  -2.2e-11   5.3e-10  -4.2e-11  -1.7e-10  -2.1e-11 
  -4.5e-11  -2.1e-11   5.3e-10  -4.2e-11  -1.7e-10  -2.2e-11 
  -1.9e-10  -4.6e-11   5e-10    -5.3e-11  -1.7e-10   2.9e-11 
  -1.9e-10   4.8e-10   5e-10    -4e-11    -1.7e-10  -6.5e-11 
  -1.9e-10   7.5e-10   5e-10    -9.9e-12  -1.7e-10  -1.7e-10 

CDOF_DOT
   0         0         0         0         0         0       
   0         0         0         0         0         0       
   0         0         0         0         0         0       
   0         0        -0        -3.6e-11   1.3e-11   1.6e-10 
  -0         0         0        -2.9e-12  -3.9e-15  -4.7e-11 
   0        -0         0        -1.6e-10   4.5e-11  -3.6e-11 
  -9.7e-12   5.3e-10   4.5e-11  -4.7e-11  -1.1e-11   1.6e-10 
  -7.1e-10   7.5e-13   7.5e-10  -2.9e-11  -1.8e-10  -5.3e-11 
  -7.1e-10   7.5e-13   7.5e-10  -3.4e-10   3.7e-11  -4.4e-10 
  -9.7e-12   5.3e-10   4.5e-11  -4.3e-11   3.7e-11   1.6e-10 
  -7.7e-10   4.6e-13   1e-09     1.7e-11  -2.3e-10  -4.3e-11 
  -7.7e-10   4.6e-13   1e-09     4.3e-10   2.9e-11   4.8e-10 
  -9.7e-12   5.3e-10   4.5e-11  -4.7e-11  -1.1e-11   1.6e-10 
  -5.3e-10   3.8e-13  -4.5e-11   2.5e-11   4.9e-12  -4.1e-11 
  -5.3e-10   3.8e-13  -4.5e-11   3e-11     4.1e-11  -3.9e-11 
  -9.7e-12   5.3e-10   4.5e-11  -4.3e-11   3.7e-11   1.6e-10 
  -5e-10     3.4e-13  -1.9e-10  -2.1e-11  -2.2e-11  -5.1e-11 
  -5e-10     3.4e-13  -1.9e-10  -1.1e-10  -1.7e-11  -9.1e-11 

QFRC_BIAS
   9.3e-20 
   1e-19   
   1.3e+02 
   0.11    
   0.3     
  -0.024   
  -0.68    
   0.25    
  -0.21    
   0.69    
   0.25    
  -0.21    
  -0.68    
   0.45    
  -0.21    
   0.69    
   0.45    
  -0.21    

QFRC_SPRING
   0       
   0       
   0       
   0       
   0       
   0       
   0       
   0       
   0       
   0       
   0       
   0       
   0       
   0       
   0       
   0       
   0       
   0       

QFRC_DAMPER
   0       
   0       
   0       
   0       
   0       
   0       
  -3.8e-10 
  -4.7e-09 
  -1.4e-09 
  -6.5e-10 
   6.2e-09 
   1.7e-09 
   4.3e-10 
  -4.7e-11 
  -1.6e-12 
   5.8e-10 
  -1e-09   
  -5.5e-10 

QFRC_GRAVCOMP
   0       
   0       
   0       
   0       
   0       
   0       
   0       
   0       
   0       
   0       
   0       
   0       
   0       
   0       
   0       
   0       
   0       
   0       

QFRC_FLUID
   0       
   0       
   0       
   0       
   0       
   0       
   0       
   0       
   0       
   0       
   0       
   0       
   0       
   0       
   0       
   0       
   0       
   0       

QFRC_PASSIVE
   0       
   0       
   0       
   0       
   0       
   0       
  -3.8e-10 
  -4.7e-09 
  -1.4e-09 
  -6.5e-10 
   6.2e-09 
   1.7e-09 
   4.3e-10 
  -4.7e-11 
  -1.6e-12 
   5.8e-10 
  -1e-09   
  -5.5e-10 

EFC_VEL
   3.8e-10 
   2.4e-09 
   6.9e-10 
   6.5e-10 
  -3.1e-09 
  -8.6e-10 
  -4.3e-10 
   2.4e-11 
   8e-13   
  -5.8e-10 
   5.2e-10 
   2.8e-10 
  -2.3e-10 
   2e-10   
   8.4e-10 
   7.1e-10 
   3e-09   
  -7.5e-10 
   3.2e-10 
   2.9e-10 
  -1e-09   
   7.7e-10 
  -4e-09   
  -1e-09   
  -2.1e-11 
  -2.9e-10 
  -3.2e-11 
   5.3e-10 
  -2.1e-11 
   4.5e-11 
  -2.6e-11 
  -3.3e-10 
   2.8e-10 
   5e-10   
   7.5e-10 
   1.9e-10 

EFC_AREF
  -4e-08   
  -2.5e-07 
  -7.2e-08 
  -6.8e-08 
   3.2e-07 
   9.1e-08 
   4.6e-08 
  -2.5e-09 
  -8.4e-11 
   6.1e-08 
  -5.5e-08 
  -2.9e-08 
   26      
  -2e-08   
  -8.4e-08 
  -7.1e-08 
  -3e-07   
   7.5e-08 
   26      
  -2.9e-08 
   1e-07   
  -7.7e-08 
   4e-07   
   1e-07   
   25      
   2.9e-08 
   3.2e-09 
  -5.3e-08 
   2.1e-09 
  -4.5e-09 
   26      
   3.3e-08 
  -2.8e-08 
  -5e-08   
  -7.5e-08 
  -1.9e-08 

SUBTREE_LINVEL
   0         0         0       
   0         0         0       
   0         0         0       
   0         0         0       
   0         0         0       
   0         0         0       
   0         0         0       
   0         0         0       
   0         0         0       
   0         0         0       
   0         0         0       
   0         0         0       
   0         0         0       
   0         0         0       

SUBTREE_ANGMOM
   0         0         0       
   0         0         0       
   0         0         0       
   0         0         0       
   0         0         0       
   0         0         0       
   0         0         0       
   0         0         0       
   0         0         0       
   0         0         0       
   0         0         0       
   0         0         0       
   0         0         0       
   0         0         0       

ACTUATOR_FORCE
   1.8     
   0.99    
   4.7     
  -1.8     
   1       
   4.8     
   1.7     
  -0.76    
   4.5     
  -1.7     
  -0.78    
   4.5     

QFRC_ACTUATOR
   0       
   0       
   0       
   0       
   0       
   0       
   1.8     
   0.99    
   4.7     
  -1.8     
   1       
   4.8     
   1.7     
  -0.76    
   4.5     
  -1.7     
  -0.78    
   4.5     

QFRC_SMOOTH
  -9.3e-20 
  -1e-19   
  -1.3e+02 
  -0.11    
  -0.3     
   0.024   
   2.5     
   0.74    
   5       
  -2.5     
   0.75    
   5       
   2.4     
  -1.2     
   4.7     
  -2.4     
  -1.2     
   4.7     

QACC_SMOOTH
   0.82    
  -0.00023 
  -6       
   0.47    
  -2.6     
  -0.034   
   50      
  -24      
   3.2e+02 
  -52      
  -25      
   3.2e+02 
   54      
  -61      
   3e+02   
  -55      
  -62      
   3e+02   

EFC_B
   50      
  -24      
   3.2e+02 
  -52      
  -25      
   3.2e+02 
   54      
  -61      
   3e+02   
  -55      
  -62      
   3e+02   
  -84      
   17      
   41      
   11      
   2.9e+02 
  -50      
  -85      
  -17      
   41      
  -11      
   2.9e+02 
   50      
  -85      
   13      
   31      
   12      
   2.3e+02 
  -54      
  -86      
  -13      
   31      
  -12      
   2.4e+02 
   53      

EFC_FORCE
  -9.7e-09 
  -8.6e-08 
  -1.4e-08 
  -1.9e-08 
   1.1e-07 
   2e-08   
   1.8e-08 
  -1.1e-09 
  -9.1e-11 
   2.3e-08 
  -2e-08   
  -3.2e-09 
   32      
  -3.2e-06 
  -1.4e-05 
  -6.1e-09 
  -7.9e-09 
   1.6e-09 
   32      
  -4.6e-06 
   1.7e-05 
  -6.7e-09 
   1.1e-08 
   2.3e-09 
   30      
   3.6e-06 
   3.7e-07 
  -4.3e-09 
  -3.7e-11 
  -1.6e-10 
   31      
   4.1e-06 
  -3.9e-06 
  -4e-09   
  -1.7e-09 
  -5.1e-10 

EFC_STATE
  3
  2
  3
  2
  2
  3
  3
  2
  3
  2
  2
  3
  4
  4
  4
  4
  4
  4
  4
  4
  4
  4
  4
  4
  4
  4
  4
  4
  4
  4
  4
  4
  4
  4
  4
  4

QFRC_CONSTRAINT
   1.6e-09 
   2e-08   
   1.3e+02 
   0.11    
   0.3     
  -0.024   
  -2.5     
  -0.74    
  -5       
   2.5     
  -0.75    
  -5       
  -2.4     
   1.2     
  -4.7     
   2.4     
   1.2     
  -4.7     

QFRC_INVERSE
   0       
   0       
   0       
   0       
   0       
   0       
   0       
   0       
   0       
   0       
   0       
   0       
   0       
   0       
   0       
   0       
   0       
   0       

CACC
   0         0         0         0         0         0       
   0         0         0         0         0         0       
   0         0         0         0         0         0       
   0         0         0         0         0         0       
   0         0         0         0         0         0       
   0         0         0         0         0         0       
   0         0         0         0         0         0       
   0         0         0         0         0         0       
   0         0         0         0         0         0       
   0         0         0         0         0         0       
   0         0         0         0         0         0       
   0         0         0         0         0         0       
   0         0         0         0         0         0       
   0         0         0         0         0         0       

CFRC_INT
   0         0         0         0         0         0       
   0         0         0         0         0         0       
   0         0         0         0         0         0       
   0         0         0         0         0         0       
   0         0         0         0         0         0       
   0         0         0         0         0         0       
   0         0         0         0         0         0       
   0         0         0         0         0         0       
   0         0         0         0         0         0       
   0         0         0         0         0         0       
   0         0         0         0         0         0       
   0         0         0         0         0         0       
   0         0         0         0         0         0       
   0         0         0         0         0         0       

CFRC_EXT
   0         0         0         0         0         0       
   0         0         0         0         0         0       
   0         0         0         0         0         0       
   0         0         0         0         0         0       
   0         0         0         0         0         0       
   0         0         0         0         0         0       
   0         0         0         0         0         0       
   0         0         0         0         0         0       
   0         0         0         0         0         0       
   0         0         0         0         0         0       
   0         0         0         0         0         0       
   0         0         0         0         0         0       
   0         0         0         0         0         0       
   0         0         0         0         0         0       

TREE_ISLAND
  0

ISLAND_NTREE
  1

ISLAND_ITREEADR
  0

MAP_ITREE2TREE
  0

DOF_ISLAND            0 0 0 0 0 0 0 0 0 0 0 0 0 0 0 0 0 0

ISLAND_NV             18

ISLAND_IDOFADR        0

MAP_IDOF2DOF          0 1 2 3 4 5 6 7 8 9 10 11 12 13 14 15 16 17

EFC_ISLAND            0 0 0 0 0 0 0 0 0 0 0 0 0 0 0 0 0 0 0 0 0 0 0 0 0 0 0 0 0 0 0 0 0 0 0 0

ISLAND_NEFC           36

ISLAND_IEFCADR        0

MAP_IEFC2EFC          0 1 2 3 4 5 6 7 8 9 10 11 12 13 14 15 16 17 18 19 20 21 22 23 24 25 26 27 28 29 30 31 32 33 34 35

